{
  "advancedEditorSelectedIdentifier" : "ProjectBrowser",
  "openSceneRelativePaths" : [
    "Materials\/GridMaterial.usda",
    "ImmersiveSpace.usda"
  ],
  "recentIdentifiers" : {
    "D1244F03-F15C-4A08-A6E3-6920574CAABF" : [

    ]
  },
  "sceneCameraHistory" : {
    "D1244F03-F15C-4A08-A6E3-6920574CAABF" : [
      {
        "date" : 775124557.277152,
        "title" : "Untitled",
        "transform" : [
          0.9953121,
          2.8442864e-06,
          0.096714765,
          0,
          0.069943875,
          0.6906201,
          -0.71982753,
          0,
          -0.066795215,
          0.72321767,
          0.6873824,
          0,
          -0.16902812,
          1.2332789,
          0.93793213,
          1
        ]
      },
      {
        "date" : 775124553.583074,
        "title" : "Untitled",
        "transform" : [
          0.9953121,
          2.8442864e-06,
          0.096714765,
          0,
          0.069943875,
          0.6906201,
          -0.71982753,
          0,
          -0.066795215,
          0.72321767,
          0.6873824,
          0,
          -0.16413486,
          1.1802976,
          0.88757616,
          1
        ]
      },
      {
        "date" : 775124532.367538,
        "title" : "Untitled",
        "transform" : [
          0.9953121,
          2.8442864e-06,
          0.096714765,
          0,
          0.069943875,
          0.6906201,
          -0.71982753,
          0,
          -0.066795215,
          0.72321767,
          0.6873824,
          0,
          0.045695256,
          0.98892313,
          0.7654121,
          1
        ]
      },
      {
        "date" : 775124526.733953,
        "title" : "Untitled",
        "transform" : [
          0.9953121,
          2.8442864e-06,
          0.096714765,
          0,
          0.069943875,
          0.6906201,
          -0.71982753,
          0,
          -0.066795215,
          0.72321767,
          0.6873824,
          0,
          0.014452305,
          1.3272027,
          1.0869299,
          1
        ]
      },
      {
        "date" : 775124507.70228,
        "title" : "Untitled",
        "transform" : [
          0.9953121,
          2.8442864e-06,
          0.096714765,
          0,
          0.069943875,
          0.6906201,
          -0.71982753,
          0,
          -0.066795215,
          0.72321767,
          0.6873824,
          0,
          0.048245713,
          0.9613079,
          0.7391653,
          1
        ]
      },
      {
        "date" : 775124500.667112,
        "title" : "Untitled",
        "transform" : [
          0.9999947,
          -9.176007e-11,
          0.0032655222,
          0,
          0.0022706948,
          0.71866715,
          -0.6953506,
          0,
          -0.0023468235,
          0.6953543,
          0.71866333,
          0,
          -0.5228981,
          1.0277895,
          0.7526525,
          1
        ]
      },
      {
        "date" : 775124496.648226,
        "title" : "Untitled",
        "transform" : [
          0.70026976,
          1.392729e-07,
          0.7138784,
          0,
          0.48175192,
          0.73796624,
          -0.47256845,
          0,
          -0.5268182,
          0.6748377,
          0.51677537,
          0,
          -0.5228981,
          1.0277895,
          0.7526525,
          1
        ]
      },
      {
        "date" : 775124403.211217,
        "title" : "Untitled",
        "transform" : [
          0.92905474,
          -1.4865199e-08,
          0.3699423,
          0,
          0.27160984,
          0.6789386,
          -0.6821074,
          0,
          -0.25116813,
          0.73419505,
          0.63077116,
          0,
          -0.3141964,
          1.0327029,
          0.9730827,
          1
        ]
      },
      {
        "date" : 775124369.740099,
        "title" : "Untitled",
        "transform" : [
          0.92905474,
          -1.4865199e-08,
          0.3699423,
          0,
          0.27160984,
          0.6789386,
          -0.6821074,
          0,
          -0.25116813,
          0.73419505,
          0.63077116,
          0,
          -0.28976953,
          0.9613002,
          0.9117385,
          1
        ]
      },
      {
        "date" : 775124366.155956,
        "title" : "Untitled",
        "transform" : [
          0.92905474,
          -1.4865199e-08,
          0.3699423,
          0,
          0.27160984,
          0.6789386,
          -0.6821074,
          0,
          -0.25116813,
          0.73419505,
          0.63077116,
          0,
          -0.3388012,
          1.1046258,
          1.0348743,
          1
        ]
      }
    ]
  },
  "sceneViewportBackgroundColors" : {

  },
  "selectedSceneRelativePath" : "ImmersiveSpace.usda"
}