{
  "advancedEditorSelectedIdentifier" : "ProjectBrowser",
  "openSceneRelativePaths" : [
    "링링링.usdc"
  ],
  "recentIdentifiers" : {
    "02CC089A-191E-4D30-9FB0-B06F6BCCE81F" : [

    ],
    "03092C91-920E-45F2-AA94-A24E318BB466" : [

    ],
    "0373F6D0-9446-48D3-A7C4-2AE542F1AEFA" : [

    ],
    "06147A41-8DC1-44AD-97B0-2B684C1D824A" : [

    ],
    "06D0D0E3-5A5D-4B76-A145-AA00622D64E7" : [

    ],
    "072F96E8-32EE-4D4B-B4B2-DBCE00297CD7" : [

    ],
    "12032A3E-D397-443A-833D-6F3CB314EF37" : [

    ],
    "248B7CB2-40CA-4EE1-9AC1-82B9D718385D" : [

    ],
    "274C86A0-0D45-48CE-87E7-091D06199F43" : [

    ],
    "2DE3DFA8-85B2-4296-92AC-4982A7638394" : [

    ],
    "3C2473BD-14D1-463B-8386-4D2DD1602BE6" : [

    ],
    "3DAC5471-0EA4-476C-8EEB-315EC9D57AB3" : [

    ],
    "3E6A61CB-E2E7-461B-A401-B034F0063A6C" : [

    ],
    "3E7FBD1B-F194-4260-96D6-7B8F64F3D0B9" : [

    ],
    "467C279E-E2A5-414A-98D4-31D122EFBB3C" : [

    ],
    "56EAD556-8197-42C4-80D1-64B4855D4CE1" : [

    ],
    "5C63AECE-89D0-49D2-B3F4-1242D071E649" : [

    ],
    "5CCE9FC0-26E0-4542-9318-802114FF4DE5" : [

    ],
    "6032FE39-930B-4A3D-8A7F-12D0E98F1E34" : [

    ],
    "6F5F6566-0D0A-4248-8B3D-93A1FD815300" : [

    ],
    "7CC341AC-C4C0-4942-98BD-A5635262AE88" : [

    ],
    "7DC17268-A4EF-44D3-A78C-6C1525045FF8" : [

    ],
    "8078B47D-6613-400B-8D66-FA70DEDAD96F" : [

    ],
    "81D61313-C0E5-47DE-B30B-C55D8E736CED" : [

    ],
    "A1CDC858-511E-427F-ABF2-2F2B941A2D18" : [

    ],
    "A93E22E0-B597-4F02-A120-438C9E0C8FDC" : [

    ],
    "AF34217D-9AC1-4112-85F7-96351EA85EF0" : [

    ],
    "B977229A-F45D-4DBB-BC58-E7F4DFE472E9" : [

    ],
    "D0A755EC-649C-45B5-91FC-337DF28B5481" : [

    ],
    "D74053E4-8649-4A23-BE4D-CCBD51167198" : [

    ],
    "DDE45581-0683-4290-B3BF-F1C0B722D574" : [

    ],
    "DF2764B7-E55A-4872-A17B-A189822F5CB1" : [

    ],
    "E11C0B1C-9F7A-45CC-8CFD-D72092215670" : [

    ],
    "E6789AD5-D4DA-4A9D-870C-1DDD271663AD" : [

    ],
    "F69513A0-864B-4361-BAF7-FAC976710CAC" : [

    ],
    "F6AA6195-D042-4954-A189-F1E76891F4C5" : [

    ]
  },
  "sceneCameraHistory" : {
    "02CC089A-191E-4D30-9FB0-B06F6BCCE81F" : [
      {
        "date" : 774515352.221308,
        "title" : "Untitled",
        "transform" : [
          0.7633578,
          0,
          0.6459759,
          0,
          0.32300353,
          0.8660115,
          -0.38169733,
          0,
          -0.55942255,
          0.50002414,
          0.66107666,
          0,
          -170.06384,
          151.9971,
          200.96658,
          1
        ]
      },
      {
        "date" : 774515326.256564,
        "title" : "Untitled",
        "transform" : [
          1,
          0,
          -0,
          0,
          -0,
          0.8660115,
          -0.50002414,
          0,
          0,
          0.50002414,
          0.8660115,
          0,
          1.52422635e-05,
          446.1674,
          772.7841,
          1
        ]
      },
      {
        "date" : 774515321.013428,
        "title" : "Untitled",
        "transform" : [
          0.99999994,
          0,
          -0,
          0,
          -0,
          0.86563075,
          -0.50068283,
          0,
          0,
          0.50068283,
          0.86563075,
          0,
          1.5215164e-05,
          446.80475,
          773.3521,
          1
        ]
      },
      {
        "date" : 774515303.403767,
        "title" : "Untitled",
        "transform" : [
          1,
          0,
          0,
          0,
          0,
          0.7071069,
          -0.70710677,
          0,
          0,
          0.70710677,
          0.7071069,
          0,
          0,
          256.17703,
          256.17706,
          1
        ]
      },
      {
        "date" : 774512041.226997,
        "title" : "Untitled",
        "transform" : [
          1,
          0,
          0,
          0,
          0,
          0.7071069,
          -0.70710677,
          0,
          0,
          0.70710677,
          0.7071069,
          0,
          0,
          3.669357,
          3.6693575,
          1
        ]
      },
      {
        "date" : 774512039.426688,
        "title" : "Untitled",
        "transform" : [
          1,
          0,
          0,
          0,
          0,
          0.7071069,
          -0.70710677,
          0,
          0,
          0.70710677,
          0.7071069,
          0,
          0,
          8.352608,
          8.352609,
          1
        ]
      }
    ],
    "03092C91-920E-45F2-AA94-A24E318BB466" : [
      {
        "date" : 774774802.900314,
        "title" : "Untitled",
        "transform" : [
          -0.9995156,
          -1.0745341e-08,
          -0.0311221,
          0,
          0.031103143,
          0.034899577,
          -0.99890673,
          0,
          0.0010861113,
          -0.99939084,
          -0.03488267,
          0,
          0.37964183,
          -7.0748854,
          0.52110094,
          1
        ]
      },
      {
        "date" : 774774798.89763,
        "title" : "Untitled",
        "transform" : [
          -0.053817052,
          -1.0745341e-08,
          0.9985508,
          0,
          -0.9979426,
          0.03489958,
          -0.05378429,
          0,
          -0.034849,
          -0.99939084,
          -0.0018781562,
          0,
          0.4560063,
          -6.0918713,
          -0.3166168,
          1
        ]
      },
      {
        "date" : 774774796.714313,
        "title" : "Untitled",
        "transform" : [
          -0.5101023,
          -1.07453415e-08,
          0.86011386,
          0,
          -0.8595899,
          0.03489958,
          -0.50979155,
          0,
          -0.030017622,
          -0.99939084,
          -0.017802319,
          0,
          0.55078435,
          -6.0918713,
          -0.06945891,
          1
        ]
      },
      {
        "date" : 774774778.865475,
        "title" : "Untitled",
        "transform" : [
          -0.9737922,
          -1.0745341e-08,
          0.22743922,
          0,
          -0.22730061,
          0.03489958,
          -0.9731991,
          0,
          -0.007937566,
          -0.99939084,
          -0.033984926,
          0,
          0.4314579,
          -6.0918713,
          0.34933075,
          1
        ]
      },
      {
        "date" : 774774775.314911,
        "title" : "Untitled",
        "transform" : [
          -0.7001766,
          -1.07453415e-08,
          0.71396977,
          0,
          -0.7135348,
          0.03489958,
          -0.6997501,
          0,
          -0.024917264,
          -0.99939084,
          -0.024435839,
          0,
          0.62331444,
          -6.8853,
          0.07193211,
          1
        ]
      },
      {
        "date" : 774774752.882787,
        "title" : "Untitled",
        "transform" : [
          -0.7001766,
          -1.07453415e-08,
          0.71396977,
          0,
          -0.7135348,
          0.03489958,
          -0.6997501,
          0,
          -0.024917264,
          -0.99939084,
          -0.024435839,
          0,
          9.047309,
          -99.939026,
          1.044083,
          1
        ]
      },
      {
        "date" : 774772265.424079,
        "title" : "Untitled",
        "transform" : [
          -0.7001766,
          -1.07453415e-08,
          0.71396977,
          0,
          -0.7135348,
          0.03489958,
          -0.6997501,
          0,
          -0.024917264,
          -0.99939084,
          -0.024435839,
          0,
          9.047312,
          -99.939064,
          1.0440834,
          1
        ]
      },
      {
        "date" : 774772262.65823,
        "title" : "Untitled",
        "transform" : [
          -0.7001766,
          -1.07453415e-08,
          0.71396977,
          0,
          -0.7135348,
          0.03489958,
          -0.6997501,
          0,
          -0.024917264,
          -0.99939084,
          -0.024435839,
          0,
          9.047312,
          -99.939064,
          1.0440834,
          1
        ]
      },
      {
        "date" : 774772248.537253,
        "title" : "Untitled",
        "transform" : [
          -0.7001766,
          -1.07453415e-08,
          0.71396977,
          0,
          -0.7135348,
          0.03489958,
          -0.6997501,
          0,
          -0.024917264,
          -0.99939084,
          -0.024435839,
          0,
          9.047312,
          -99.939064,
          1.0440834,
          1
        ]
      },
      {
        "date" : 774772238.174555,
        "title" : "Untitled",
        "transform" : [
          -0.7001766,
          -1.07453415e-08,
          0.71396977,
          0,
          -0.7135348,
          0.03489958,
          -0.6997501,
          0,
          -0.024917264,
          -0.99939084,
          -0.024435839,
          0,
          9.04731,
          -99.939064,
          1.0440832,
          1
        ]
      }
    ],
    "0373F6D0-9446-48D3-A7C4-2AE542F1AEFA" : [
      {
        "date" : 774774510.810487,
        "title" : "Untitled",
        "transform" : [
          1,
          0,
          0,
          0,
          0,
          0.7071069,
          -0.70710677,
          0,
          0,
          0.70710677,
          0.7071069,
          0,
          0,
          0.35308784,
          0.35308805,
          1
        ]
      }
    ],
    "06147A41-8DC1-44AD-97B0-2B684C1D824A" : [
      {
        "date" : 774773118.798993,
        "title" : "Untitled",
        "transform" : [
          1,
          0,
          0,
          0,
          0,
          0.7071069,
          -0.70710677,
          0,
          0,
          0.70710677,
          0.7071069,
          0,
          0,
          0.22100691,
          0.22100706,
          1
        ]
      }
    ],
    "12032A3E-D397-443A-833D-6F3CB314EF37" : [
      {
        "date" : 774777998.234197,
        "title" : "Untitled",
        "transform" : [
          1,
          0,
          -0,
          0,
          -0,
          0.86513,
          -0.5015477,
          0,
          0,
          0.5015477,
          0.86513,
          0,
          2.3679176e-07,
          2.8893437,
          4.9953556,
          1
        ]
      }
    ],
    "1AE5E03C-0D0E-45B0-91CA-49B6BF83C138" : [
      {
        "date" : 774771270.167156,
        "title" : "Untitled",
        "transform" : [
          0.10055116,
          0,
          -0.99493194,
          0,
          -0.7035231,
          0.7071068,
          -0.07110037,
          0,
          0.70352316,
          0.70710677,
          0.071100354,
          0,
          7.6280966,
          7.666953,
          0.7709211,
          1
        ]
      },
      {
        "date" : 774768038.871282,
        "title" : "Untitled",
        "transform" : [
          0.109410435,
          0,
          0.9939966,
          0,
          0.7028617,
          0.7071068,
          -0.07736487,
          0,
          -0.7028618,
          0.7071067,
          0.077364914,
          0,
          -70.28619,
          70.71068,
          7.7364855,
          1
        ]
      }
    ],
    "248B7CB2-40CA-4EE1-9AC1-82B9D718385D" : [
      {
        "date" : 774771354.49672,
        "title" : "Untitled",
        "transform" : [
          0.9273258,
          0,
          0.3742549,
          0,
          0.2646382,
          0.7071068,
          -0.6557184,
          0,
          -0.26463816,
          0.70710677,
          0.6557185,
          0,
          -0.0059384704,
          2.3988554,
          2.5771856,
          1
        ]
      },
      {
        "date" : 774768035.519844,
        "title" : "Untitled",
        "transform" : [
          0.9273258,
          0,
          0.3742549,
          0,
          0.2646382,
          0.7071068,
          -0.6557184,
          0,
          -0.26463816,
          0.70710677,
          0.6557185,
          0,
          -0.15545855,
          8.769414,
          7.9199724,
          1
        ]
      },
      {
        "date" : 774518567.489332,
        "title" : "Untitled",
        "transform" : [
          1,
          0,
          0,
          0,
          0,
          0.7071069,
          -0.70710677,
          0,
          0,
          0.70710677,
          0.7071069,
          0,
          1.0330251,
          3.2125025,
          2.7117882,
          1
        ]
      }
    ],
    "274C86A0-0D45-48CE-87E7-091D06199F43" : [
      {
        "date" : 774778524.599932,
        "title" : "Untitled",
        "transform" : [
          0.7345001,
          2.4830968e-08,
          -0.6786086,
          0,
          -0.6781952,
          0.03489963,
          -0.73405266,
          0,
          0.023683151,
          0.99939084,
          0.025633791,
          0,
          -0.8691292,
          182.64667,
          21.486065,
          1
        ]
      },
      {
        "date" : 774778266.464846,
        "title" : "Untitled",
        "transform" : [
          0.7345001,
          2.4830968e-08,
          -0.6786086,
          0,
          -0.6781952,
          0.03489963,
          -0.73405266,
          0,
          0.023683151,
          0.99939084,
          0.025633791,
          0,
          -0.8691292,
          182.64665,
          21.486065,
          1
        ]
      },
      {
        "date" : 774778256.532575,
        "title" : "Untitled",
        "transform" : [
          0.7345001,
          2.4830968e-08,
          -0.6786086,
          0,
          -0.6781952,
          0.03489963,
          -0.73405266,
          0,
          0.023683151,
          0.99939084,
          0.025633791,
          0,
          -1.152076,
          145.1419,
          9.988674,
          1
        ]
      },
      {
        "date" : 774778241.82662,
        "title" : "Untitled",
        "transform" : [
          0.7345001,
          2.4830968e-08,
          -0.6786086,
          0,
          -0.6781952,
          0.03489963,
          -0.73405266,
          0,
          0.023683151,
          0.99939084,
          0.025633791,
          0,
          0.20451152,
          100.66126,
          18.811213,
          1
        ]
      },
      {
        "date" : 774778240.460444,
        "title" : "Untitled",
        "transform" : [
          0.7345001,
          2.4830968e-08,
          -0.6786086,
          0,
          -0.6781952,
          0.03489963,
          -0.73405266,
          0,
          0.023683151,
          0.99939084,
          0.025633791,
          0,
          -0.3274107,
          78.21543,
          18.235367,
          1
        ]
      },
      {
        "date" : 774778236.251494,
        "title" : "Untitled",
        "transform" : [
          0.7345001,
          2.4830968e-08,
          -0.6786086,
          0,
          -0.6781952,
          0.03489951,
          -0.73405266,
          0,
          0.023683066,
          0.9993907,
          0.025633702,
          0,
          -1.3352674,
          78.6001,
          4.168823,
          1
        ]
      },
      {
        "date" : 774778225.594248,
        "title" : "Untitled",
        "transform" : [
          1,
          0,
          0,
          0,
          0,
          0.7071069,
          -0.70710677,
          0,
          0,
          0.70710677,
          0.7071069,
          0,
          0.514797,
          58.791008,
          59.185814,
          1
        ]
      },
      {
        "date" : 774778208.032526,
        "title" : "Untitled",
        "transform" : [
          1,
          0,
          0,
          0,
          0,
          0.7071069,
          -0.70710677,
          0,
          0,
          0.70710677,
          0.7071069,
          0,
          0.80260134,
          2.046084,
          1.5632999,
          1
        ]
      },
      {
        "date" : 774778204.531957,
        "title" : "Untitled",
        "transform" : [
          1,
          0,
          0,
          0,
          0,
          0.7071069,
          -0.70710677,
          0,
          0,
          0.70710677,
          0.7071069,
          0,
          1.2121757,
          3.2475154,
          3.4848316,
          1
        ]
      },
      {
        "date" : 774518438.870378,
        "title" : "Untitled",
        "transform" : [
          1,
          0,
          0,
          0,
          0,
          0.7071069,
          -0.70710677,
          0,
          0,
          0.70710677,
          0.7071069,
          0,
          1.2121757,
          5.556217,
          5.7935333,
          1
        ]
      }
    ],
    "2DE3DFA8-85B2-4296-92AC-4982A7638394" : [
      {
        "date" : 774515702.23089,
        "title" : "Untitled",
        "transform" : [
          1,
          0,
          0,
          0,
          0,
          0.7071069,
          -0.70710677,
          0,
          0,
          0.70710677,
          0.7071069,
          0,
          0,
          359.1575,
          359.1575,
          1
        ]
      },
      {
        "date" : 774515664.448238,
        "title" : "Untitled",
        "transform" : [
          1,
          0,
          0,
          0,
          0,
          0.7071069,
          -0.70710677,
          0,
          0,
          0.70710677,
          0.7071069,
          0,
          0,
          299.1157,
          299.1157,
          1
        ]
      }
    ],
    "338D8969-96A8-4D39-876B-F7FB42FBA32F" : [
      {
        "date" : 774778478.829975,
        "title" : "Untitled",
        "transform" : [
          1,
          0,
          0,
          0,
          0,
          0.7071069,
          -0.70710677,
          0,
          0,
          0.70710677,
          0.7071069,
          0,
          0,
          1.9339671,
          1.933969,
          1
        ]
      },
      {
        "date" : 774778461.610679,
        "title" : "Untitled",
        "transform" : [
          1,
          0,
          0,
          0,
          0,
          0.7071069,
          -0.70710677,
          0,
          0,
          0.70710677,
          0.7071069,
          0,
          0,
          17.625698,
          17.6257,
          1
        ]
      }
    ],
    "3C2473BD-14D1-463B-8386-4D2DD1602BE6" : [
      {
        "date" : 774775537.932958,
        "title" : "Untitled",
        "transform" : [
          0.99685603,
          3.528783e-09,
          0.079234555,
          0,
          0.05602729,
          0.70710677,
          -0.70488364,
          0,
          -0.056027297,
          0.70710677,
          0.70488364,
          0,
          2.0757358,
          3.592873,
          6.082214,
          1
        ]
      },
      {
        "date" : 774775519.834279,
        "title" : "Untitled",
        "transform" : [
          0.99685603,
          3.528783e-09,
          0.079234555,
          0,
          0.05602729,
          0.70710677,
          -0.70488364,
          0,
          -0.056027297,
          0.70710677,
          0.70488364,
          0,
          6.105636,
          10.568191,
          17.890419,
          1
        ]
      },
      {
        "date" : 774775506.635362,
        "title" : "Untitled",
        "transform" : [
          0.99685603,
          3.528783e-09,
          0.079234555,
          0,
          0.05602729,
          0.70710677,
          -0.70488364,
          0,
          -0.056027297,
          0.70710677,
          0.70488364,
          0,
          6.75637,
          2.3559718,
          9.704079,
          1
        ]
      },
      {
        "date" : 774775502.274346,
        "title" : "Untitled",
        "transform" : [
          0.99685603,
          3.528783e-09,
          0.079234555,
          0,
          0.05602729,
          0.70710677,
          -0.70488364,
          0,
          -0.056027297,
          0.70710677,
          0.70488364,
          0,
          4.06892,
          1.1118451,
          6.0118527,
          1
        ]
      },
      {
        "date" : 774775501.273355,
        "title" : "Untitled",
        "transform" : [
          0.996856,
          1.3819006e-08,
          0.0792345,
          0,
          0.05602725,
          0.7071067,
          -0.70488364,
          0,
          -0.05602726,
          0.70710677,
          0.7048836,
          0,
          1.341038,
          2.2876835,
          4.9248943,
          1
        ]
      },
      {
        "date" : 774775305.643279,
        "title" : "Untitled",
        "transform" : [
          0.99685603,
          0,
          0.07923455,
          0,
          0.056027208,
          0.7071068,
          -0.7048836,
          0,
          -0.05602716,
          0.70710677,
          0.7048837,
          0,
          -0.15186654,
          2.9311917,
          4.330028,
          1
        ]
      },
      {
        "date" : 774775297.893368,
        "title" : "Untitled",
        "transform" : [
          0.9984851,
          0,
          -0.055023406,
          0,
          -0.038907494,
          0.7071068,
          -0.7060355,
          0,
          0.038907558,
          0.70710677,
          0.7060356,
          0,
          0.3384955,
          2.309717,
          3.397247,
          1
        ]
      },
      {
        "date" : 774775279.227931,
        "title" : "Untitled",
        "transform" : [
          0.34599125,
          0,
          0.9382377,
          0,
          0.66343415,
          0.7071068,
          -0.24465278,
          0,
          -0.66343427,
          0.70710677,
          0.24465282,
          0,
          -3.102165,
          2.2762265,
          1.3026403,
          1
        ]
      },
      {
        "date" : 774775235.363044,
        "title" : "Untitled",
        "transform" : [
          -0.93331647,
          0,
          0.35905474,
          0,
          0.25389007,
          0.7071068,
          0.65995437,
          0,
          -0.2538901,
          0.7071067,
          -0.6599544,
          0,
          -0.83494765,
          2.3254046,
          -2.1703386,
          1
        ]
      }
    ],
    "3DAC5471-0EA4-476C-8EEB-315EC9D57AB3" : [
      {
        "date" : 774774900.243889,
        "title" : "Untitled",
        "transform" : [
          0.99965507,
          2.0984499e-10,
          -0.026262429,
          0,
          -0.026246458,
          0.03489964,
          -0.9990462,
          0,
          0.0009165658,
          0.9993908,
          0.03488757,
          0,
          0.028981851,
          0.39536256,
          0.15877719,
          1
        ]
      },
      {
        "date" : 774774875.634842,
        "title" : "Untitled",
        "transform" : [
          0.99965507,
          2.0984499e-10,
          -0.026262429,
          0,
          -0.026246458,
          0.03489964,
          -0.9990462,
          0,
          0.0009165658,
          0.9993908,
          0.03488757,
          0,
          0.014843399,
          0.3995531,
          0.039107934,
          1
        ]
      },
      {
        "date" : 774774747.7164,
        "title" : "Untitled",
        "transform" : [
          0.99965507,
          2.0984499e-10,
          -0.026262429,
          0,
          -0.026246458,
          0.03489964,
          -0.9990462,
          0,
          0.0009165658,
          0.9993908,
          0.03488757,
          0,
          0.027340459,
          0.19965887,
          0.031048797,
          1
        ]
      },
      {
        "date" : 774774744.890508,
        "title" : "Untitled",
        "transform" : [
          0.99965507,
          2.0984499e-10,
          -0.026262429,
          0,
          -0.026246458,
          0.03489964,
          -0.9990462,
          0,
          0.0009165658,
          0.9993908,
          0.03488757,
          0,
          -0.012705682,
          0.1968294,
          0.11315449,
          1
        ]
      },
      {
        "date" : 774772277.106355,
        "title" : "Untitled",
        "transform" : [
          0.99965507,
          2.0984503e-10,
          -0.026262429,
          0,
          -0.026246458,
          0.03489958,
          -0.9990462,
          0,
          0.00091656426,
          0.9993908,
          0.03488751,
          0,
          -0.013612801,
          0.78910995,
          0.012238687,
          1
        ]
      },
      {
        "date" : 774765983.09253,
        "title" : "Untitled",
        "transform" : [
          0.999823,
          7.586287e-10,
          0.018814683,
          0,
          0.016466437,
          0.48377565,
          -0.8750372,
          0,
          -0.009102067,
          0.87519205,
          0.4836899,
          0,
          -0.021523412,
          0.69104385,
          0.36660904,
          1
        ]
      },
      {
        "date" : 774765981.626143,
        "title" : "Untitled",
        "transform" : [
          0.99999547,
          7.586287e-10,
          -0.0030195294,
          0,
          -0.0026426895,
          0.48377565,
          -0.8751882,
          0,
          0.0014607888,
          0.87519205,
          0.48377335,
          0,
          -0.013558553,
          0.6933278,
          0.3682045,
          1
        ]
      },
      {
        "date" : 774765977.410762,
        "title" : "Untitled",
        "transform" : [
          0.98205304,
          7.586287e-10,
          -0.18860488,
          0,
          -0.16506553,
          0.48377565,
          -0.8594851,
          0,
          0.09124244,
          0.87519205,
          0.47509325,
          0,
          0.05610238,
          0.7068373,
          0.3714202,
          1
        ]
      },
      {
        "date" : 774765974.123874,
        "title" : "Untitled",
        "transform" : [
          0.9840761,
          7.586287e-10,
          0.17774785,
          0,
          0.15556352,
          0.48377565,
          -0.86125565,
          0,
          -0.085990064,
          0.87519205,
          0.47607195,
          0,
          -0.0688087,
          0.7003253,
          0.38095224,
          1
        ]
      },
      {
        "date" : 774765960.111671,
        "title" : "Untitled",
        "transform" : [
          0.9840761,
          7.586287e-10,
          0.17774785,
          0,
          0.15556352,
          0.48377565,
          -0.86125565,
          0,
          -0.08599007,
          0.87519217,
          0.476072,
          0,
          -0.5583703,
          5.6829967,
          3.091339,
          1
        ]
      }
    ],
    "3E6A61CB-E2E7-461B-A401-B034F0063A6C" : [
      {
        "date" : 774523455.571797,
        "title" : "Untitled",
        "transform" : [
          -0.07718038,
          0,
          -0.9970172,
          0,
          -0.49761358,
          0.86654305,
          0.038520843,
          0,
          0.86395824,
          0.49910253,
          -0.06688014,
          0,
          1.819566,
          1.0296266,
          -0.15873997,
          1
        ]
      },
      {
        "date" : 774523428.863178,
        "title" : "Untitled",
        "transform" : [
          -0.07718038,
          0,
          -0.9970172,
          0,
          -0.49761358,
          0.86654305,
          0.038520843,
          0,
          0.86395824,
          0.49910253,
          -0.06688014,
          0,
          0.43497133,
          0.22975644,
          -0.051556632,
          1
        ]
      },
      {
        "date" : 774523414.662793,
        "title" : "Untitled",
        "transform" : [
          -0.07718038,
          0,
          -0.9970172,
          0,
          -0.49761358,
          0.86654305,
          0.038520843,
          0,
          0.86395824,
          0.49910253,
          -0.06688014,
          0,
          0.091798946,
          0.03150818,
          -0.024991209,
          1
        ]
      },
      {
        "date" : 774523401.799094,
        "title" : "Untitled",
        "transform" : [
          -0.07718038,
          0,
          -0.9970172,
          0,
          -0.49761358,
          0.86654305,
          0.038520843,
          0,
          0.86395824,
          0.49910253,
          -0.06688014,
          0,
          0.054919973,
          0.010203457,
          -0.02213636,
          1
        ]
      },
      {
        "date" : 774523361.83065,
        "title" : "Untitled",
        "transform" : [
          -0.07718038,
          0,
          -0.9970172,
          0,
          -0.49761358,
          0.86654305,
          0.038520843,
          0,
          0.86395824,
          0.49910253,
          -0.06688014,
          0,
          0.47773397,
          0.22735956,
          -0.016107805,
          1
        ]
      },
      {
        "date" : 774523355.698799,
        "title" : "Untitled",
        "transform" : [
          -0.07718038,
          0,
          -0.9970172,
          0,
          -0.49761358,
          0.86654305,
          0.038520843,
          0,
          0.86395824,
          0.49910253,
          -0.06688014,
          0,
          0.46556327,
          0.22032866,
          -0.015165657,
          1
        ]
      },
      {
        "date" : 774523338.224355,
        "title" : "Untitled",
        "transform" : [
          -0.07718038,
          0,
          -0.9970172,
          0,
          -0.49761358,
          0.86654305,
          0.038520843,
          0,
          0.86395824,
          0.49910253,
          -0.06688014,
          0,
          0.22612505,
          0.10701409,
          -0.0073659904,
          1
        ]
      },
      {
        "date" : 774523295.794977,
        "title" : "Untitled",
        "transform" : [
          -0.07718038,
          0,
          -0.9970172,
          0,
          -0.49761358,
          0.86654305,
          0.038520843,
          0,
          0.86395824,
          0.49910253,
          -0.06688014,
          0,
          0.3105328,
          0.14696021,
          -0.01011556,
          1
        ]
      },
      {
        "date" : 774523285.482684,
        "title" : "Untitled",
        "transform" : [
          -0.06844512,
          0,
          -0.997655,
          0,
          -0.49793187,
          0.86654305,
          0.03416105,
          0,
          0.8645109,
          0.49910253,
          -0.059310652,
          0,
          8.728518,
          5.0063887,
          -0.5847302,
          1
        ]
      },
      {
        "date" : 774523283.579535,
        "title" : "Untitled",
        "transform" : [
          -0.06844512,
          0,
          -0.997655,
          0,
          -0.49793187,
          0.86654305,
          0.03416105,
          0,
          0.8645109,
          0.49910253,
          -0.059310652,
          0,
          0.7149652,
          0.37997773,
          -0.03495247,
          1
        ]
      }
    ],
    "3E7FBD1B-F194-4260-96D6-7B8F64F3D0B9" : [
      {
        "date" : 774777792.255238,
        "title" : "Untitled",
        "transform" : [
          0.99888,
          0,
          0.047315087,
          0,
          0.033456817,
          0.7071069,
          -0.7063148,
          0,
          -0.033456825,
          0.70710677,
          0.7063149,
          0,
          -1.8098103,
          38.250168,
          38.207333,
          1
        ]
      }
    ],
    "56EAD556-8197-42C4-80D1-64B4855D4CE1" : [
      {
        "date" : 774774121.857554,
        "title" : "Untitled",
        "transform" : [
          -0.5343499,
          1.607411e-08,
          -0.8452634,
          0,
          -0.84474844,
          0.034899566,
          0.53402436,
          0,
          0.029499335,
          0.9993908,
          -0.018648565,
          0,
          43.459133,
          94.00287,
          -1.3606243,
          1
        ]
      },
      {
        "date" : 774774118.752593,
        "title" : "Untitled",
        "transform" : [
          -0.5343499,
          1.607411e-08,
          -0.8452634,
          0,
          -0.84474844,
          0.034899566,
          0.53402436,
          0,
          0.029499335,
          0.9993908,
          -0.018648565,
          0,
          50.628246,
          93.89274,
          4.078621,
          1
        ]
      },
      {
        "date" : 774774111.478119,
        "title" : "Untitled",
        "transform" : [
          -0.51174843,
          1.6074107e-08,
          -0.8591354,
          0,
          -0.85861194,
          0.034899507,
          0.51143664,
          0,
          0.029983409,
          0.9993908,
          -0.017859753,
          0,
          13.935718,
          20.168482,
          21.40457,
          1
        ]
      },
      {
        "date" : 774774110.139623,
        "title" : "Untitled",
        "transform" : [
          -0.51174843,
          7.858181e-09,
          -0.8591353,
          0,
          -0.858612,
          0.034899544,
          0.5114367,
          0,
          0.029983409,
          0.9993908,
          -0.017859753,
          0,
          13.935718,
          20.168482,
          21.40457,
          1
        ]
      },
      {
        "date" : 774774078.31337,
        "title" : "Untitled",
        "transform" : [
          0.83213633,
          7.858181e-09,
          0.5545711,
          0,
          0.5542333,
          0.034899604,
          -0.8316294,
          0,
          -0.019354304,
          0.9993908,
          0.029041186,
          0,
          12.271868,
          54.692986,
          23.355469,
          1
        ]
      },
      {
        "date" : 774774064.693154,
        "title" : "Untitled",
        "transform" : [
          0.95029515,
          7.858179e-09,
          0.31135067,
          0,
          0.311161,
          0.034899604,
          -0.94971615,
          0,
          -0.01086602,
          0.9993908,
          0.033164877,
          0,
          13.039199,
          26.84896,
          22.656767,
          1
        ]
      },
      {
        "date" : 774774046.166403,
        "title" : "Untitled",
        "transform" : [
          1,
          0,
          -0,
          0,
          -0,
          0.7071069,
          -0.7071067,
          0,
          0,
          0.7071067,
          0.7071069,
          0,
          4.076246,
          1.1088326,
          6.0072403,
          1
        ]
      }
    ],
    "5CCE9FC0-26E0-4542-9318-802114FF4DE5" : [
      {
        "date" : 774771289.700132,
        "title" : "Untitled",
        "transform" : [
          0.9987855,
          -2.1177853e-09,
          0.04926928,
          0,
          0.024563864,
          0.86685324,
          -0.49795792,
          0,
          -0.04270924,
          0.49856335,
          0.86580044,
          0,
          -0.024630189,
          0.29508364,
          0.51174074,
          1
        ]
      },
      {
        "date" : 774767985.543877,
        "title" : "Untitled",
        "transform" : [
          0.98253644,
          -2.1177853e-09,
          -0.18607019,
          0,
          -0.09276778,
          0.86685324,
          -0.48985672,
          0,
          0.16129553,
          0.49856335,
          0.85171485,
          0,
          0.074028425,
          0.22820254,
          0.38942415,
          1
        ]
      },
      {
        "date" : 774767935.754129,
        "title" : "Untitled",
        "transform" : [
          0.9825364,
          5.352713e-09,
          -0.18607016,
          0,
          -0.03608726,
          0.9810125,
          -0.19055748,
          0,
          0.18253715,
          0.19394441,
          0.96388054,
          0,
          0.16880497,
          0.06294732,
          0.2067191,
          1
        ]
      },
      {
        "date" : 774767934.22586,
        "title" : "Untitled",
        "transform" : [
          0.9825364,
          5.352713e-09,
          -0.18607016,
          0,
          -0.03608726,
          0.9810125,
          -0.19055748,
          0,
          0.18253715,
          0.19394441,
          0.96388054,
          0,
          0.13125357,
          0.06294726,
          0.21383052,
          1
        ]
      },
      {
        "date" : 774767909.061982,
        "title" : "Untitled",
        "transform" : [
          0.9825364,
          5.352713e-09,
          -0.18607016,
          0,
          -0.03608726,
          0.9810125,
          -0.19055748,
          0,
          0.18253715,
          0.19394441,
          0.96388054,
          0,
          0.18581055,
          0.3106488,
          0.84447515,
          1
        ]
      },
      {
        "date" : 774765700.924658,
        "title" : "Untitled",
        "transform" : [
          0.9825364,
          5.352713e-09,
          -0.18607016,
          0,
          -0.03608726,
          0.9810125,
          -0.19055748,
          0,
          0.18253715,
          0.19394441,
          0.96388054,
          0,
          0.065003805,
          0.079519056,
          0.24964334,
          1
        ]
      },
      {
        "date" : 774765510.128535,
        "title" : "Untitled",
        "transform" : [
          0.9825364,
          5.352713e-09,
          -0.18607016,
          0,
          -0.03608726,
          0.9810125,
          -0.19055748,
          0,
          0.18253715,
          0.19394441,
          0.96388054,
          0,
          0.18122259,
          0.2030007,
          0.86333233,
          1
        ]
      },
      {
        "date" : 774765442.896855,
        "title" : "Untitled",
        "transform" : [
          0.9825364,
          5.352713e-09,
          -0.18607016,
          0,
          -0.03608726,
          0.9810125,
          -0.19055748,
          0,
          0.18253715,
          0.19394441,
          0.96388054,
          0,
          0.10532279,
          0.1223577,
          0.46254626,
          1
        ]
      },
      {
        "date" : 774765431.346711,
        "title" : "Untitled",
        "transform" : [
          0.9825364,
          5.352713e-09,
          -0.18607016,
          0,
          -0.03608726,
          0.9810125,
          -0.19055748,
          0,
          0.18253715,
          0.19394441,
          0.96388054,
          0,
          0.26875246,
          0.1923319,
          1.9511492,
          1
        ]
      },
      {
        "date" : 774765400.637291,
        "title" : "Untitled",
        "transform" : [
          0.9802764,
          5.352713e-09,
          -0.19763105,
          0,
          -0.03832943,
          0.9810125,
          -0.19011916,
          0,
          0.19387853,
          0.19394441,
          0.9616635,
          0,
          0.1590094,
          0.09065706,
          0.5256531,
          1
        ]
      }
    ],
    "6F5F6566-0D0A-4248-8B3D-93A1FD815300" : [
      {
        "date" : 774774332.90945,
        "title" : "Untitled",
        "transform" : [
          1,
          0,
          0,
          0,
          0,
          0.7071069,
          -0.70710677,
          0,
          0,
          0.70710677,
          0.7071069,
          0,
          0,
          0.20571542,
          0.20571542,
          1
        ]
      },
      {
        "date" : 774772350.686075,
        "title" : "Untitled",
        "transform" : [
          1,
          0,
          0,
          0,
          0,
          0.7071069,
          -0.70710677,
          0,
          0,
          0.70710677,
          0.7071069,
          0,
          0,
          0.20571542,
          0.20571542,
          1
        ]
      },
      {
        "date" : 774765999.807885,
        "title" : "Untitled",
        "transform" : [
          1,
          0,
          0,
          0,
          0,
          0.7071069,
          -0.70710677,
          0,
          0,
          0.70710677,
          0.7071069,
          0,
          0,
          5.1975965,
          5.197597,
          1
        ]
      }
    ],
    "7CC341AC-C4C0-4942-98BD-A5635262AE88" : [
      {
        "date" : 774518315.584778,
