{
  "advancedEditorSelectedIdentifier" : "ProjectBrowser",
  "openSceneRelativePaths" : [
<<<<<<< Updated upstream
    "링링링.usdc"
=======
    "Untitled.usda",
    "Be.usdc",
    "Untitlded.usda"
>>>>>>> Stashed changes
  ],
  "recentIdentifiers" : {
    "02CC089A-191E-4D30-9FB0-B06F6BCCE81F" : [

    ],
    "03092C91-920E-45F2-AA94-A24E318BB466" : [

    ],
    "0373F6D0-9446-48D3-A7C4-2AE542F1AEFA" : [

    ],
    "06147A41-8DC1-44AD-97B0-2B684C1D824A" : [

    ],
    "06D0D0E3-5A5D-4B76-A145-AA00622D64E7" : [

    ],
    "072F96E8-32EE-4D4B-B4B2-DBCE00297CD7" : [

    ],
    "12032A3E-D397-443A-833D-6F3CB314EF37" : [

    ],
    "127808C2-8246-426C-8B25-2BFC088D91BB" : [

    ],
    "1AE5E03C-0D0E-45B0-91CA-49B6BF83C138" : [

    ],
    "248B7CB2-40CA-4EE1-9AC1-82B9D718385D" : [

    ],
    "274C86A0-0D45-48CE-87E7-091D06199F43" : [

    ],
    "2DE3DFA8-85B2-4296-92AC-4982A7638394" : [

    ],
    "3C2473BD-14D1-463B-8386-4D2DD1602BE6" : [

    ],
    "3DAC5471-0EA4-476C-8EEB-315EC9D57AB3" : [

    ],
    "3E6A61CB-E2E7-461B-A401-B034F0063A6C" : [

    ],
    "3E7FBD1B-F194-4260-96D6-7B8F64F3D0B9" : [

    ],
    "467C279E-E2A5-414A-98D4-31D122EFBB3C" : [

    ],
    "56EAD556-8197-42C4-80D1-64B4855D4CE1" : [

    ],
    "5C63AECE-89D0-49D2-B3F4-1242D071E649" : [

    ],
    "5CCE9FC0-26E0-4542-9318-802114FF4DE5" : [

    ],
    "6032FE39-930B-4A3D-8A7F-12D0E98F1E34" : [

    ],
    "6B1F8A2F-30FA-49C8-80AD-1B54776DFDB5" : [

    ],
    "6F5F6566-0D0A-4248-8B3D-93A1FD815300" : [

    ],
    "7CC341AC-C4C0-4942-98BD-A5635262AE88" : [

    ],
    "7DC17268-A4EF-44D3-A78C-6C1525045FF8" : [

    ],
    "8078B47D-6613-400B-8D66-FA70DEDAD96F" : [

    ],
    "81D61313-C0E5-47DE-B30B-C55D8E736CED" : [

    ],
    "A1CDC858-511E-427F-ABF2-2F2B941A2D18" : [

    ],
    "A93E22E0-B597-4F02-A120-438C9E0C8FDC" : [

    ],
    "AF34217D-9AC1-4112-85F7-96351EA85EF0" : [

    ],
    "B977229A-F45D-4DBB-BC58-E7F4DFE472E9" : [

    ],
    "D0A755EC-649C-45B5-91FC-337DF28B5481" : [

    ],
    "D74053E4-8649-4A23-BE4D-CCBD51167198" : [

    ],
    "DDE45581-0683-4290-B3BF-F1C0B722D574" : [

    ],
    "DF2764B7-E55A-4872-A17B-A189822F5CB1" : [

    ],
    "E11C0B1C-9F7A-45CC-8CFD-D72092215670" : [

    ],
    "E6789AD5-D4DA-4A9D-870C-1DDD271663AD" : [

    ],
    "F69513A0-864B-4361-BAF7-FAC976710CAC" : [

    ],
    "F6AA6195-D042-4954-A189-F1E76891F4C5" : [

    ],
    "F94C04C8-4FF2-4091-9EB3-F20F969A0896" : [

    ]
  },
  "sceneCameraHistory" : {
    "02CC089A-191E-4D30-9FB0-B06F6BCCE81F" : [
      {
        "date" : 774515352.221308,
        "title" : "Untitled",
        "transform" : [
          0.7633578,
          0,
          0.6459759,
          0,
          0.32300353,
          0.8660115,
          -0.38169733,
          0,
          -0.55942255,
          0.50002414,
          0.66107666,
          0,
          -170.06384,
          151.9971,
          200.96658,
          1
        ]
      },
      {
        "date" : 774515326.256564,
        "title" : "Untitled",
        "transform" : [
          1,
          0,
          -0,
          0,
          -0,
          0.8660115,
          -0.50002414,
          0,
          0,
          0.50002414,
          0.8660115,
          0,
          1.52422635e-05,
          446.1674,
          772.7841,
          1
        ]
      },
      {
        "date" : 774515321.013428,
        "title" : "Untitled",
        "transform" : [
          0.99999994,
          0,
          -0,
          0,
          -0,
          0.86563075,
          -0.50068283,
          0,
          0,
          0.50068283,
          0.86563075,
          0,
          1.5215164e-05,
          446.80475,
          773.3521,
          1
        ]
      },
      {
        "date" : 774515303.403767,
        "title" : "Untitled",
        "transform" : [
          1,
          0,
          0,
          0,
          0,
          0.7071069,
          -0.70710677,
          0,
          0,
          0.70710677,
          0.7071069,
          0,
          0,
          256.17703,
          256.17706,
          1
        ]
      },
      {
        "date" : 774512041.226997,
        "title" : "Untitled",
        "transform" : [
          1,
          0,
          0,
          0,
          0,
          0.7071069,
          -0.70710677,
          0,
          0,
          0.70710677,
          0.7071069,
          0,
          0,
          3.669357,
          3.6693575,
          1
        ]
      },
      {
        "date" : 774512039.426688,
        "title" : "Untitled",
        "transform" : [
          1,
          0,
          0,
          0,
          0,
          0.7071069,
          -0.70710677,
          0,
          0,
          0.70710677,
          0.7071069,
          0,
          0,
          8.352608,
          8.352609,
          1
        ]
      }
    ],
    "03092C91-920E-45F2-AA94-A24E318BB466" : [
      {
        "date" : 774774802.900314,
        "title" : "Untitled",
        "transform" : [
          -0.9995156,
          -1.0745341e-08,
          -0.0311221,
          0,
          0.031103143,
          0.034899577,
          -0.99890673,
          0,
          0.0010861113,
          -0.99939084,
          -0.03488267,
          0,
          0.37964183,
          -7.0748854,
          0.52110094,
          1
        ]
      },
      {
        "date" : 774774798.89763,
        "title" : "Untitled",
        "transform" : [
          -0.053817052,
          -1.0745341e-08,
          0.9985508,
          0,
          -0.9979426,
          0.03489958,
          -0.05378429,
          0,
          -0.034849,
          -0.99939084,
          -0.0018781562,
          0,
          0.4560063,
          -6.0918713,
          -0.3166168,
          1
        ]
      },
      {
        "date" : 774774796.714313,
        "title" : "Untitled",
        "transform" : [
          -0.5101023,
          -1.07453415e-08,
          0.86011386,
          0,
          -0.8595899,
          0.03489958,
          -0.50979155,
          0,
          -0.030017622,
          -0.99939084,
          -0.017802319,
          0,
          0.55078435,
          -6.0918713,
          -0.06945891,
          1
        ]
      },
      {
        "date" : 774774778.865475,
        "title" : "Untitled",
        "transform" : [
          -0.9737922,
          -1.0745341e-08,
          0.22743922,
          0,
          -0.22730061,
          0.03489958,
          -0.9731991,
          0,
          -0.007937566,
          -0.99939084,
          -0.033984926,
          0,
          0.4314579,
          -6.0918713,
          0.34933075,
          1
        ]
      },
      {
        "date" : 774774775.314911,
        "title" : "Untitled",
        "transform" : [
          -0.7001766,
          -1.07453415e-08,
          0.71396977,
          0,
          -0.7135348,
          0.03489958,
          -0.6997501,
          0,
          -0.024917264,
          -0.99939084,
          -0.024435839,
          0,
          0.62331444,
          -6.8853,
          0.07193211,
          1
        ]
      },
      {
        "date" : 774774752.882787,
        "title" : "Untitled",
        "transform" : [
          -0.7001766,
          -1.07453415e-08,
          0.71396977,
          0,
          -0.7135348,
          0.03489958,
          -0.6997501,
          0,
          -0.024917264,
          -0.99939084,
          -0.024435839,
          0,
          9.047309,
          -99.939026,
          1.044083,
          1
        ]
      },
      {
        "date" : 774772265.424079,
        "title" : "Untitled",
        "transform" : [
          -0.7001766,
          -1.07453415e-08,
          0.71396977,
          0,
          -0.7135348,
          0.03489958,
          -0.6997501,
          0,
          -0.024917264,
          -0.99939084,
          -0.024435839,
          0,
          9.047312,
          -99.939064,
          1.0440834,
          1
        ]
      },
      {
        "date" : 774772262.65823,
        "title" : "Untitled",
        "transform" : [
          -0.7001766,
          -1.07453415e-08,
          0.71396977,
          0,
          -0.7135348,
          0.03489958,
          -0.6997501,
          0,
          -0.024917264,
          -0.99939084,
          -0.024435839,
          0,
          9.047312,
          -99.939064,
          1.0440834,
          1
        ]
      },
      {
        "date" : 774772248.537253,
        "title" : "Untitled",
        "transform" : [
          -0.7001766,
          -1.07453415e-08,
          0.71396977,
          0,
          -0.7135348,
          0.03489958,
          -0.6997501,
          0,
          -0.024917264,
          -0.99939084,
          -0.024435839,
          0,
          9.047312,
          -99.939064,
          1.0440834,
          1
        ]
      },
      {
        "date" : 774772238.174555,
        "title" : "Untitled",
        "transform" : [
          -0.7001766,
          -1.07453415e-08,
          0.71396977,
          0,
          -0.7135348,
          0.03489958,
          -0.6997501,
          0,
          -0.024917264,
          -0.99939084,
          -0.024435839,
          0,
          9.04731,
          -99.939064,
          1.0440832,
          1
        ]
      }
    ],
    "0373F6D0-9446-48D3-A7C4-2AE542F1AEFA" : [
      {
        "date" : 774774510.810487,
        "title" : "Untitled",
        "transform" : [
          1,
          0,
          0,
          0,
          0,
          0.7071069,
          -0.70710677,
          0,
          0,
          0.70710677,
          0.7071069,
          0,
          0,
          0.35308784,
          0.35308805,
          1
        ]
      }
    ],
    "06147A41-8DC1-44AD-97B0-2B684C1D824A" : [
      {
        "date" : 774773118.798993,
        "title" : "Untitled",
        "transform" : [
          1,
          0,
          0,
          0,
          0,
          0.7071069,
          -0.70710677,
          0,
          0,
          0.70710677,
          0.7071069,
          0,
          0,
          0.22100691,
          0.22100706,
          1
        ]
      }
    ],
    "12032A3E-D397-443A-833D-6F3CB314EF37" : [
      {
        "date" : 774777998.234197,
        "title" : "Untitled",
        "transform" : [
          1,
          0,
          -0,
          0,
          -0,
          0.86513,
          -0.5015477,
          0,
          0,
          0.5015477,
          0.86513,
          0,
          2.3679176e-07,
          2.8893437,
          4.9953556,
          1
        ]
      }
    ],
    "127808C2-8246-426C-8B25-2BFC088D91BB" : [
      {
        "date" : 774942661.333386,
        "title" : "Untitled",
        "transform" : [
          1,
          0,
          -0,
          0,
          -0,
          0.8660249,
          -0.5000008,
          0,
          0,
          0.5000008,
          0.8660249,
          0,
          -7.366072e-09,
          0.5542853,
          0.96004957,
          1
        ]
      },
      {
        "date" : 774942657.084065,
        "title" : "Untitled",
        "transform" : [
          1,
          0,
          0,
          0,
          0,
          0.8658397,
          -0.5003215,
          0,
          0,
          0.5003215,
          0.8658397,
          0,
          -7.366072e-09,
          0.28201056,
          0.48820728,
          1
        ]
      },
      {
        "date" : 774942632.714759,
        "title" : "Untitled",
        "transform" : [
          1,
          0,
          -0,
          0,
          -0,
          0.8658397,
          -0.5003215,
          0,
          0,
          0.5003215,
          0.8658397,
          0,
          -7.366072e-09,
          0.555107,
          0.9608177,
          1
        ]
      },
      {
        "date" : 774942630.216518,
        "title" : "Untitled",
        "transform" : [
          1,
          0,
          0,
          0,
          0,
          0.7071069,
          -0.7071067,
          0,
          0,
          0.7071067,
          0.7071069,
          0,
          5.2154064e-08,
          0.54903847,
          0.48831367,
          1
        ]
      },
      {
        "date" : 774942627.651433,
        "title" : "Untitled",
        "transform" : [
          1,
          0,
          0,
          0,
          0,
          0.7071069,
          -0.7071067,
          0,
          0,
          0.7071067,
          0.7071069,
          0,
          5.2154064e-08,
          0.29534808,
          0.2346232,
          1
        ]
      },
      {
        "date" : 774942581.333904,
        "title" : "Untitled",
        "transform" : [
          1,
          0,
          0,
          0,
          0,
          0.7071069,
          -0.7071067,
          0,
          0,
          0.7071067,
          0.7071069,
          0,
          5.2154064e-08,
          3.1143258,
          3.0536008,
          1
        ]
      },
      {
        "date" : 774942571.434041,
        "title" : "Untitled",
        "transform" : [
          1,
          0,
          0,
          0,
          0,
          0.7071069,
          -0.7071067,
          0,
          0,
          0.7071067,
          0.7071069,
          0,
          5.2154064e-08,
          1.8122824,
          1.7515575,
          1
        ]
      },
      {
        "date" : 774942541.30136,
        "title" : "Untitled",
        "transform" : [
          1,
          0,
          0,
          0,
          0,
          0.7071069,
          -0.7071067,
          0,
          0,
          0.7071067,
          0.7071069,
          0,
          5.2154064e-08,
          0.95783174,
          0.89710665,
          1
        ]
      },
      {
        "date" : 774942535.611116,
        "title" : "Untitled",
        "transform" : [
          1,
          0,
          -0,
          0,
          -0,
          0.7071069,
          -0.7071067,
          0,
          0,
          0.7071067,
          0.7071069,
          0,
          5.2154064e-08,
          0.18660963,
          0.12588418,
          1
        ]
      },
      {
        "date" : 774942512.93612,
        "title" : "Untitled",
        "transform" : [
          1,
          0,
          0,
          0,
          0,
          0.7071069,
          -0.70710677,
          0,
          0,
          0.70710677,
          0.7071069,
          0,
          -0.02613116,
          0.7919878,
          0.79650563,
          1
        ]
      }
    ],
    "1AE5E03C-0D0E-45B0-91CA-49B6BF83C138" : [
      {
        "date" : 774941805.860113,
        "title" : "Untitled",
        "transform" : [
          -0.6683047,
          -2.693824e-08,
          -0.74388766,
          0,
          -0.37358314,
          0.8647493,
          0.33562505,
          0,
          0.64327633,
          0.50220364,
          -0.577916,
          0,
          0.43596616,
          0.33941582,
          -0.39176193,
          1
        ]
      },
      {
        "date" : 774941699.365142,
        "title" : "Untitled",
        "transform" : [
          -0.6683048,
          6.0189365e-09,
          -0.74388766,
          0,
          -0.7434345,
          0.03489945,
          0.6678975,
          0,
          0.025961446,
          0.9993909,
          -0.02332349,
          0,
          -0.025324449,
          0.45173043,
          -0.018577747,
          1
        ]
      },
      {
        "date" : 774941662.163876,
        "title" : "Untitled",
        "transform" : [
          0.6478604,
          -1.9944782e-08,
          -0.76175916,
          0,
          -0.7034973,
          0.38355806,
          -0.59830993,
          0,
          0.2921789,
          0.92351675,
          0.24849223,
          0,
          0.13615163,
          0.4252284,
          0.075434655,
          1
        ]
      },
      {
        "date" : 774941633.531111,
        "title" : "Untitled",
        "transform" : [
          0.6478604,
          -1.9944782e-08,
          -0.76175916,
          0,
          -0.7034973,
          0.38355806,
          -0.59830993,
          0,
          0.2921789,
          0.92351675,
          0.24849223,
          0,
          0.2476258,
          0.77757514,
          0.17024119,
          1
        ]
      },
      {
        "date" : 774941630.048277,
        "title" : "Untitled",
        "transform" : [
          0.99834114,
          3.3057446e-09,
          0.057575546,
          0,
          0.030740451,
          0.8455386,
          -0.53302854,
          0,
          -0.04868245,
          0.5339142,
          0.84413606,
          0,
          -0.009165528,
          0.46337909,
          0.69290656,
          1
        ]
      },
      {
        "date" : 774941627.382284,
        "title" : "Untitled",
        "transform" : [
          0.9984193,
          3.3057446e-09,
          0.056204483,
          0,
          0.03000842,
          0.8455386,
          -0.53307027,
          0,
          -0.047523163,
          0.5339142,
          0.84420216,
          0,
          -0.00818541,
          0.46176854,
          0.69051015,
          1
        ]
      },
      {
        "date" : 774941617.580694,
        "title" : "Untitled",
        "transform" : [
          0.9534986,
          3.3057446e-09,
          0.30139735,
          0,
          0.16092038,
          0.8455386,
          -0.5090865,
          0,
          -0.2548432,
          0.5339142,
          0.80621994,
          0,
          -0.19444191,
          0.49751678,
          0.72082657,
          1
        ]
      },
      {
        "date" : 774941610.897802,
        "title" : "Untitled",
        "transform" : [
          0.9534986,
          3.3057446e-09,
          0.30139735,
          0,
          0.16092038,
          0.8455386,
          -0.5090865,
          0,
          -0.2548432,
          0.5339142,
          0.80621994,
          0,
          -0.3447373,
          0.72219735,
          1.0906436,
          1
        ]
      },
      {
        "date" : 774941601.599365,
        "title" : "Untitled",
        "transform" : [
          0.952996,
          3.3057446e-09,
          0.3029828,
          0,
          0.16176687,
          0.8455386,
          -0.50881815,
          0,
          -0.25618377,
          0.5339142,
          0.80579495,
          0,
          -0.058789596,
          0.12251505,
          0.1849215,
          1
        ]
      },
      {
        "date" : 774941579.99904,
        "title" : "Untitled",
        "transform" : [
          0.95299613,
          3.305745e-09,
          0.30298284,
          0,
          0.16176689,
          0.84553874,
          -0.5088182,
          0,
          -0.25618377,
          0.5339142,
          0.80579495,
          0,
          -1.4103055,
          2.939216,
          4.4359455,
          1
        ]
      }
    ],
    "248B7CB2-40CA-4EE1-9AC1-82B9D718385D" : [
      {
        "date" : 774771354.49672,
        "title" : "Untitled",
        "transform" : [
          0.9273258,
          0,
          0.3742549,
          0,
          0.2646382,
          0.7071068,
          -0.6557184,
          0,
          -0.26463816,
          0.70710677,
          0.6557185,
          0,
          -0.0059384704,
          2.3988554,
          2.5771856,
          1
        ]
      },
      {
        "date" : 774768035.519844,
        "title" : "Untitled",
        "transform" : [
          0.9273258,
          0,
          0.3742549,
          0,
          0.2646382,
          0.7071068,
          -0.6557184,
          0,
          -0.26463816,
          0.70710677,
          0.6557185,
          0,
          -0.15545855,
          8.769414,
          7.9199724,
          1
        ]
      },
      {
        "date" : 774518567.489332,
        "title" : "Untitled",
        "transform" : [
          1,
          0,
          0,
          0,
          0,
          0.7071069,
          -0.70710677,
          0,
          0,
          0.70710677,
          0.7071069,
          0,
          1.0330251,
          3.2125025,
          2.7117882,
          1
        ]
      }
    ],
    "274C86A0-0D45-48CE-87E7-091D06199F43" : [
      {
        "date" : 774942881.28024,
        "title" : "Untitled",
        "transform" : [
          0.69376636,
          1.6842193e-08,
          0.7202001,
          0,
          0.363305,
          0.8634409,
          -0.34997046,
          0,
          -0.6218502,
          0.5044499,
          0.5990263,
          0,
          -934.8506,
          752.2037,
          1676.8059,
          1
        ]
      },
      {
        "date" : 774940578.383364,
        "title" : "Untitled",
        "transform" : [
          0.69376636,
          1.6842193e-08,
          0.7202001,
          0,
          0.363305,
          0.8634409,
          -0.34997046,
          0,
          -0.6218502,
          0.5044499,
          0.5990263,
          0,
          -934.8504,
          752.2035,
          1676.8062,
          1
        ]
      },
      {
        "date" : 774863414.51428,
        "title" : "Untitled",
        "transform" : [
          0.6937663,
          1.6842192e-08,
          0.72020006,
          0,
          0.363305,
          0.8634409,
          -0.34997046,
          0,
          -0.6218502,
          0.5044499,
          0.5990263,
          0,
          -1149.3025,
          848.73,
          1372.8965,
          1
        ]
      },
      {
        "date" : 774863398.831826,
        "title" : "Untitled",
        "transform" : [
          0.94676673,
          1.6842192e-08,
          0.32192028,
          0,
          0.16239268,
          0.8634409,
          -0.4775965,
          0,
          -0.27795917,
          0.50444996,
          0.81747717,
          0,
          -1401.8351,
          2071.3096,
          3641.8066,
          1
        ]
      },
      {
        "date" : 774863395.515712,
        "title" : "Untitled",
        "transform" : [
          0.9467668,
          -2.0524492e-08,
          0.3219203,
          0,
          0.30238152,
          0.34308207,
          -0.8893032,
          0,
          -0.11044504,
          0.9393055,
          0.32481867,
          0,
          -355.6474,
          1345.4349,
          893.1266,
          1
        ]
      },
      {
        "date" : 774863391.822576,
        "title" : "Untitled",
        "transform" : [
          0.9467668,
          -2.0524492e-08,
          0.3219203,
          0,
          0.30238152,
          0.34308207,
          -0.8893032,
          0,
          -0.11044504,
          0.9393055,
          0.32481867,
          0,
          -319.50098,
          785.46344,
          409.73663,
          1
        ]
      },
      {
        "date" : 774863386.17308,
        "title" : "Untitled",
        "transform" : [
          0.74816024,
          -2.052449e-08,
          -0.6635181,
          0,
          -0.6232461,
          0.34308204,
          -0.702751,
          0,
          0.22764115,
          0.93930537,
          0.2566803,
          0,
          1216.0558,
          1953.2068,
          1761.506,
          1
        ]
      },
      {
        "date" : 774863384.919228,
        "title" : "Untitled",
        "transform" : [
          0.74816024,
          2.4830968e-08,
          -0.66351813,
          0,
          -0.6631139,
          0.03489963,
          -0.74770445,
          0,
          0.0231565,
          0.99939084,
          0.026110522,
          0,
          326.6109,
          1328.0587,
          450.04712,
          1
        ]
      },
      {
        "date" : 774862945.277715,
        "title" : "Untitled",
        "transform" : [
          0.7345001,
          2.4830968e-08,
          -0.6786086,
          0,
          -0.6781952,
          0.03489963,
          -0.73405266,
          0,
          0.023683151,
          0.99939084,
          0.025633791,
          0,
          9.822101,
          11.71793,
          13.139162,
          1
        ]
      },
      {
        "date" : 774862829.628761,
        "title" : "Untitled",
        "transform" : [
          0.7345001,
          2.4830968e-08,
          -0.6786086,
          0,
          -0.6781952,
          0.03489963,
          -0.73405266,
          0,
          0.023683151,
          0.99939084,
          0.025633791,
          0,
          -0.2800665,
          58.855705,
          6.9236274,
          1
        ]
      }
    ],
    "2DE3DFA8-85B2-4296-92AC-4982A7638394" : [
      {
        "date" : 774515702.23089,
        "title" : "Untitled",
        "transform" : [
          1,
          0,
          0,
          0,
          0,
          0.7071069,
          -0.70710677,
          0,
          0,
          0.70710677,
          0.7071069,
          0,
          0,
          359.1575,
          359.1575,
          1
        ]
      },
      {
        "date" : 774515664.448238,
        "title" : "Untitled",
        "transform" : [
          1,
          0,
          0,
          0,
          0,
          0.7071069,
          -0.70710677,
          0,
          0,
          0.70710677,
          0.7071069,
          0,
          0,
          299.1157,
          299.1157,
          1
        ]
      }
    ],
    "338D8969-96A8-4D39-876B-F7FB42FBA32F" : [
      {
        "date" : 774941839.011732,
        "title" : "Untitled",
        "transform" : [
          0.99999994,
          0,
          0,
          0,
          0,
          0.86569196,
          -0.500577,
          0,
          0,
          0.500577,
          0.86569196,
          0,
          0.00082304416,
          4.159395,
          7.2018905,
          1
        ]
      },
      {
        "date" : 774941834.211595,
        "title" : "Untitled",
        "transform" : [
          0.99999994,
          0,
          -0,
          0,
          -0,
          0.86569196,
          -0.500577,
          0,
          0,
          0.500577,
          0.86569196,
          0,
          0.0053793485,
          27.185465,
          47.070957,
          1
        ]
      },
      {
        "date" : 774941832.97909,
        "title" : "Untitled",
        "transform" : [
          1,
          0,
          -0,
          0,
          -0,
          0.86565316,
          -0.50064415,
          0,
          0,
          0.50064415,
          0.86565316,
          0,
          0.006013113,
          27.181828,
          47.062813,
          1
        ]
      },
      {
        "date" : 774941774.813637,
        "title" : "Untitled",
        "transform" : [
          1,
          0,
          0,
          0,
          0,
          0.7071069,
          -0.70710677,
          0,
          0,
          0.70710677,
          0.7071069,
          0,
          2.1006894,
          18.203661,
          25.417278,
          1
        ]
      },
      {
        "date" : 774941755.282696,
        "title" : "Untitled",
        "transform" : [
          1,
          0,
          0,
          0,
          0,
          0.7071069,
          -0.70710677,
          0,
          0,
          0.70710677,
          0.7071069,
          0,
          0,
          8.500381,
          8.500391,
          1
        ]
      },
      {
        "date" : 774778478.829975,
        "title" : "Untitled",
        "transform" : [
          1,
          0,
          0,
          0,
          0,
          0.7071069,
          -0.70710677,
          0,
          0,
          0.70710677,
          0.7071069,
          0,
          0,
          1.9339671,
          1.933969,
          1
        ]
      },
      {
        "date" : 774778461.610679,
        "title" : "Untitled",
        "transform" : [
          1,
          0,
          0,
          0,
          0,
          0.7071069,
          -0.70710677,
          0,
          0,
          0.70710677,
          0.7071069,
          0,
          0,
          17.625698,
          17.6257,
          1
        ]
      }
    ],
    "3C2473BD-14D1-463B-8386-4D2DD1602BE6" : [
      {
        "date" : 774775537.932958,
        "title" : "Untitled",
        "transform" : [
          0.99685603,
          3.528783e-09,
          0.079234555,
          0,
          0.05602729,
          0.70710677,
          -0.70488364,
          0,
          -0.056027297,
          0.70710677,
          0.70488364,
          0,
          2.0757358,
          3.592873,
          6.082214,
          1
        ]
      },
      {
        "date" : 774775519.834279,
        "title" : "Untitled",
        "transform" : [
          0.99685603,
          3.528783e-09,
          0.079234555,
          0,
          0.05602729,
          0.70710677,
          -0.70488364,
          0,
          -0.056027297,
          0.70710677,
          0.70488364,
          0,
          6.105636,
          10.568191,
          17.890419,
          1
        ]
      },
      {
        "date" : 774775506.635362,
        "title" : "Untitled",
        "transform" : [
          0.99685603,
          3.528783e-09,
          0.079234555,
          0,
          0.05602729,
          0.70710677,
          -0.70488364,
          0,
          -0.056027297,
          0.70710677,
          0.70488364,
          0,
          6.75637,
          2.3559718,
          9.704079,
          1
        ]
      },
      {
        "date" : 774775502.274346,
        "title" : "Untitled",
        "transform" : [
          0.99685603,
          3.528783e-09,
          0.079234555,
          0,
          0.05602729,
          0.70710677,
          -0.70488364,
          0,
          -0.056027297,
          0.70710677,
          0.70488364,
          0,
          4.06892,
          1.1118451,
          6.0118527,
          1
        ]
      },
      {
        "date" : 774775501.273355,
        "title" : "Untitled",
        "transform" : [
          0.996856,
          1.3819006e-08,
          0.0792345,
          0,
          0.05602725,
          0.7071067,
          -0.70488364,
          0,
          -0.05602726,
          0.70710677,
          0.7048836,
          0,
          1.341038,
          2.2876835,
          4.9248943,
          1
        ]
      },
      {
        "date" : 774775305.643279,
        "title" : "Untitled",
        "transform" : [
          0.99685603,
          0,
          0.07923455,
          0,
          0.056027208,
          0.7071068,
          -0.7048836,
          0,
          -0.05602716,
          0.70710677,
          0.7048837,
          0,
          -0.15186654,
          2.9311917,
          4.330028,
          1
        ]
      },
      {
        "date" : 774775297.893368,
        "title" : "Untitled",
        "transform" : [
          0.9984851,
          0,
          -0.055023406,
          0,
          -0.038907494,
          0.7071068,
          -0.7060355,
          0,
          0.038907558,
          0.70710677,
          0.7060356,
          0,
          0.3384955,
          2.309717,
          3.397247,
          1
        ]
      },
      {
        "date" : 774775279.227931,
        "title" : "Untitled",
        "transform" : [
          0.34599125,
          0,
          0.9382377,
          0,
          0.66343415,
          0.7071068,
          -0.24465278,
          0,
          -0.66343427,
          0.70710677,
          0.24465282,
          0,
          -3.102165,
          2.2762265,
          1.3026403,
          1
        ]
      },
      {
        "date" : 774775235.363044,
        "title" : "Untitled",
        "transform" : [
          -0.93331647,
          0,
          0.35905474,
          0,
          0.25389007,
          0.7071068,
          0.65995437,
          0,
          -0.2538901,
          0.7071067,
          -0.6599544,
          0,
          -0.83494765,
          2.3254046,
          -2.1703386,
          1
        ]
      }
    ],
    "3DAC5471-0EA4-476C-8EEB-315EC9D57AB3" : [
      {
        "date" : 774774900.243889,
        "title" : "Untitled",
        "transform" : [
          0.99965507,
          2.0984499e-10,
          -0.026262429,
          0,
          -0.026246458,
          0.03489964,
          -0.9990462,
          0,
          0.0009165658,
          0.9993908,
          0.03488757,
          0,
          0.028981851,
          0.39536256,
          0.15877719,
          1
        ]
      },
      {
        "date" : 774774875.634842,
        "title" : "Untitled",
        "transform" : [
          0.99965507,
          2.0984499e-10,
          -0.026262429,
          0,
          -0.026246458,
          0.03489964,
          -0.9990462,
          0,
          0.0009165658,
          0.9993908,
          0.03488757,
          0,
          0.014843399,
          0.3995531,
          0.039107934,
          1
        ]
      },
      {
        "date" : 774774747.7164,
        "title" : "Untitled",
        "transform" : [
          0.99965507,
          2.0984499e-10,
          -0.026262429,
          0,
          -0.026246458,
          0.03489964,
          -0.9990462,
          0,
          0.0009165658,
          0.9993908,
          0.03488757,
          0,
          0.027340459,
          0.19965887,
          0.031048797,
          1
        ]
      },
      {
        "date" : 774774744.890508,
        "title" : "Untitled",
        "transform" : [
          0.99965507,
          2.0984499e-10,
          -0.026262429,
          0,
          -0.026246458,
          0.03489964,
          -0.9990462,
          0,
          0.0009165658,
          0.9993908,
          0.03488757,
          0,
          -0.012705682,
          0.1968294,
          0.11315449,
          1
        ]
      },
      {
        "date" : 774772277.106355,
        "title" : "Untitled",
        "transform" : [
          0.99965507,
          2.0984503e-10,
          -0.026262429,
          0,
          -0.026246458,
          0.03489958,
          -0.9990462,
          0,
          0.00091656426,
          0.9993908,
          0.03488751,
          0,
          -0.013612801,
          0.78910995,
          0.012238687,
          1
        ]
      },
      {
        "date" : 774765983.09253,
        "title" : "Untitled",
        "transform" : [
          0.999823,
          7.586287e-10,
          0.018814683,
          0,
          0.016466437,
          0.48377565,
          -0.8750372,
          0,
          -0.009102067,
          0.87519205,
          0.4836899,
          0,
          -0.021523412,
          0.69104385,
          0.36660904,
          1
        ]
      },
      {
        "date" : 774765981.626143,
        "title" : "Untitled",
        "transform" : [
          0.99999547,
          7.586287e-10,
          -0.0030195294,
          0,
          -0.0026426895,
          0.48377565,
          -0.8751882,
          0,
          0.0014607888,
          0.87519205,
          0.48377335,
          0,
          -0.013558553,
          0.6933278,
          0.3682045,
          1
        ]
      },
      {
        "date" : 774765977.410762,
        "title" : "Untitled",
        "transform" : [
          0.98205304,
          7.586287e-10,
          -0.18860488,
          0,
          -0.16506553,
          0.48377565,
          -0.8594851,
          0,
          0.09124244,
          0.87519205,
          0.47509325,
          0,
          0.05610238,
          0.7068373,
          0.3714202,
          1
        ]
      },
      {
        "date" : 774765974.123874,
        "title" : "Untitled",
        "transform" : [
          0.9840761,
          7.586287e-10,
          0.17774785,
          0,
          0.15556352,
          0.48377565,
          -0.86125565,
          0,
          -0.085990064,
          0.87519205,
          0.47607195,
          0,
          -0.0688087,
          0.7003253,
          0.38095224,
          1
        ]
      },
      {
        "date" : 774765960.111671,
        "title" : "Untitled",
        "transform" : [
          0.9840761,
          7.586287e-10,
          0.17774785,
          0,
          0.15556352,
          0.48377565,
          -0.86125565,
          0,
          -0.08599007,
          0.87519217,
          0.476072,
          0,
          -0.5583703,
          5.6829967,
          3.091339,
          1
        ]
      }
    ],
    "3E6A61CB-E2E7-461B-A401-B034F0063A6C" : [
      {
        "date" : 774523455.571797,
        "title" : "Untitled",
        "transform" : [
          -0.07718038,
          0,
          -0.9970172,
          0,
          -0.49761358,
          0.86654305,
          0.038520843,
          0,
          0.86395824,
          0.49910253,
          -0.06688014,
          0,
          1.819566,
          1.0296266,
          -0.15873997,
          1
        ]
      },
      {
        "date" : 774523428.863178,
        "title" : "Untitled",
        "transform" : [
          -0.07718038,
          0,
          -0.9970172,
          0,
          -0.49761358,
          0.86654305,
          0.038520843,
          0,
          0.86395824,
          0.49910253,
          -0.06688014,
          0,
          0.43497133,
          0.22975644,
          -0.051556632,
          1
        ]
      },
      {
        "date" : 774523414.662793,
        "title" : "Untitled",
        "transform" : [
          -0.07718038,
          0,
          -0.9970172,
          0,
          -0.49761358,
          0.86654305,
          0.038520843,
          0,
          0.86395824,
          0.49910253,
          -0.06688014,
          0,
          0.091798946,
          0.03150818,
          -0.024991209,
          1
        ]
      },
      {
        "date" : 774523401.799094,
        "title" : "Untitled",
        "transform" : [
          -0.07718038,
          0,
          -0.9970172,
          0,
          -0.49761358,
          0.86654305,
          0.038520843,
          0,
          0.86395824,
          0.49910253,
          -0.06688014,
          0,
          0.054919973,
          0.010203457,
          -0.02213636,
          1
        ]
      },
      {
        "date" : 774523361.83065,
        "title" : "Untitled",
        "transform" : [
          -0.07718038,
          0,
          -0.9970172,
          0,
          -0.49761358,
          0.86654305,
          0.038520843,
          0,
          0.86395824,
          0.49910253,
          -0.06688014,
          0,
          0.47773397,
          0.22735956,
          -0.016107805,
          1
        ]
      },
      {
        "date" : 774523355.698799,
        "title" : "Untitled",
        "transform" : [
          -0.07718038,
          0,
          -0.9970172,
          0,
          -0.49761358,
          0.86654305,
          0.038520843,
          0,
          0.86395824,
          0.49910253,
          -0.06688014,
          0,
          0.46556327,
          0.22032866,
          -0.015165657,
          1
        ]
      },
      {
        "date" : 774523338.224355,
        "title" : "Untitled",
        "transform" : [
          -0.07718038,
          0,
          -0.9970172,
          0,
          -0.49761358,
          0.86654305,
          0.038520843,
          0,
          0.86395824,
          0.49910253,
          -0.06688014,
          0,
          0.22612505,
          0.10701409,
          -0.0073659904,
          1
        ]
      },
      {
        "date" : 774523295.794977,
        "title" : "Untitled",
        "transform" : [
          -0.07718038,
          0,
          -0.9970172,
          0,
          -0.49761358,
          0.86654305,
          0.038520843,
          0,
          0.86395824,
          0.49910253,
          -0.06688014,
          0,
          0.3105328,
          0.14696021,
          -0.01011556,
          1
        ]
      },
      {
        "date" : 774523285.482684,
        "title" : "Untitled",
        "transform" : [
          -0.06844512,
          0,
          -0.997655,
          0,
          -0.49793187,
